					
					
DATE	TOTAL VENTES 	TPE 	BANQUE	ESPECES	BENEFICE NET
          01 JAN 2020	1450	300	293.47	1150	230
          2 JAN 2020	600	200	195,64	400	80
          3 JAN 2020	1000	200	194,1	800	160
          4 JAN 2020	2000	380	368,8	1620	324
          5 JAN 2020				0	0
          6 JAN 2020				0	0
          7 JAN 2020				0	0
          8 JAN 2020				0	0
          9 JAN 2020				0	0
          10 JAN 2020				0	0
         
------------------------------------------------
 11 JAN 2020				0	0
          12 JAN 2020				0	0
          13 JAN 2020				0	0
          14 JAN 2020				0	0
          15 JAN 2020				0	0
------------------------------------------------
          16 JAN 2020				0	0
          17 JAN 2020				0	0
          18 JAN 2020				0	0
          19 JAN 2020				0	0
          20 JAN 2020				0	0
          21 JAN 2020				0	0
          22 JAN 2020				0	0
          23 JAN 2020				0	0
          24 JAN 2020				0	0
          25 JAN 2020				0	0
          26 JAN 2020				0	0
          27 JAN 2020				0	0
          28 JAN 2020				0	0
          29 JAN 2020				0	0
          30 JAN 2020				0	0
          31 JAN 2020				0	0
TOTAL				3970	794
git status
